Accuracy: 0.8421052631578947
Precision: 0.7948717948717948
Recall: 0.8857142857142857
ROC_AUC: 0.937979094076655
max_depth: 5
Training Data: cleaned_v0_05_01_26_11.csv
Timestamp: 06_01_26_11_09

